# Created by Octave 3.8.1, Tue Sep 09 21:09:17 2014 BRT <roberto@rosenblatt.lis>
# name: wi
# type: matrix
# rows: 3
# columns: 2
 15.67776864339296 1.409848223631195
 -10.54346323524084 -1.52729919031171
 -10.54358802791233 -1.527345301670895


