# Created by Octave 3.8.1, Tue Sep 09 21:09:24 2014 BRT <roberto@rosenblatt.lis>
# name: wo
# type: matrix
# rows: 2
# columns: 1
 21.47017207090446
 -33.41488702191133


