# Created by Octave 3.8.1, Wed Sep 17 13:32:14 2014 BRT <roberto@rosenblatt.lis>
# name: nn
# type: scalar struct
# ndims: 2
 1 1
# length: 10
# name: ni
# type: scalar
9


# name: nh
# type: scalar
41


# name: no
# type: scalar
1


# name: number_hiddens
# type: scalar
2


# name: wi
# type: matrix
# rows: 9
# columns: 40
 0.02492968403657318 0.1591253354088065 0.3054782298648773 -0.4595779005643946 0.06339114683407983 -0.06601871010210009 -0.2704518833234749 -0.1304312133497572 0.05885210226595092 -0.5061071359846969 0.1884843888210381 -0.5095974439989053 -0.3576776453100518 0.09269298986925473 -0.3500479127116082 -0.08040168573998638 -0.04312629164639956 0.5526547933560106 0.4237681485895256 -0.01160215041226435 0.7772658871686604 -0.5913461466039166 -0.4489704851579581 -0.3384568280300228 0.4723604976482538 -0.3696645592790091 -0.6896275707860119 0.1500216633927604 0.1757181290840625 -0.07241587138289866 0.3204091821738082 -0.1229044483946171 -0.06764733093309666 -0.262859582858203 0.4642919657633452 -0.06012259443694178 -0.2103260113599777 0.3394696058142527 -0.1252936667723907 0.05524999951870545
 -1.272331857478054 0.6091985441667347 -0.7442411893460462 -2.617344923251165 0.28556454125174 -1.691758316236576 -3.137649615563482 0.189034330162401 2.55601814037651 -4.227987125821052 5.425065947526816 -11.56062175336957 -1.046730698736045 2.427741782084646 2.615662551358604 -0.7119100917070309 -1.528375771857014 -0.9228512850662537 -1.12620554502247 1.578368446315605 -1.478807787198241 0.6626607741720812 -8.441941953404122 -1.585576854463318 4.339574474595121 -0.7720761116033561 -5.08020579303362 1.599617128050434 1.742396179498479 -6.565139532992092 2.280505431477832 -3.222766047941846 -0.8283821214560504 0.6681854466001026 7.892936147491157 -1.372860186984828 1.390388868308159 4.904376064483452 -5.803385796957611 -0.1259516047201189
 -0.1134138930410904 -0.1528976577065909 1.228735803155248 -0.9093837130746198 0.4924079060924362 -0.4339950918666378 -0.5373786473951706 0.1281861850237325 0.2688559249430101 -1.778198280524403 0.03938596077746621 -0.8128436669334443 -0.6437616710075733 0.6050836420800304 -0.8127719635189684 -0.2981609311591497 0.4809842638473341 1.126467641705004 1.243482178801133 -0.4099774388947135 1.648782384973903 -1.237854108053817 -0.9675187442145889 -0.7334786486039945 1.178581806017003 -0.8570289337248244 -1.791092324264188 0.5234410228676187 0.7466296014299567 0.027350799057754 1.216203976373522 -0.4968651068076155 -0.01204243271874569 -0.5950450552009289 0.949761336565106 -0.2303959478500581 -0.2729581054083486 0.55582486481363 0.1159634147966619 0.2943930727105649
 -0.8827155715757379 7.899139982361961 -155.4340835740857 5.372947748377277 -48.29204890059614 -10.32445657877987 -3.059465233528623 -18.57943259298841 -1.038527507998737 25.21635032668104 -74.40717699425052 215.5930237451651 2.923204252910942 6.114787194978689 -7.930348938860287 21.70596488196783 -17.78935665311908 4.112216604350513 -54.64469222138397 -0.02485922146293989 69.39989942153682 9.691881660239117 -48.31244959076547 19.65042267751477 -15.93340140723969 17.63257429908777 -53.75436484423309 -5.498015939096503 -3.83934094928747 62.07857228814962 32.28133472389902 48.23667874984686 0.8379753226268919 2.814530123522566 -0.7542075518668221 17.85328200746522 -44.96336782956246 -8.63599003123991 -97.96287120222297 9.996214449500874
 1.957033830906437 1.204848619929826 -56.60101182565719 4.68377469557168 -9.620235028703265 28.15682048560017 -3.314558641442824 7.216701491878704 -44.05104551866505 3.723986481533113 -67.19791256920391 -166.1365548859625 2.007175342775104 1.301547853610651 -1.117653386882618 -9.926830302266298 -2.303099392293612 4.945192042568836 16.43713631686177 0.00649864450878052 -5.850415941695676 -6.558164824155488 -1.400756463144662 16.6285947157037 -7.469282202841453 -77.76083158861337 -10.78118787915168 4.717679720853966 -81.27499932410998 44.67877938861436 -4.063554230257122 4.218371478761029 -2.15052946348588 -3.486393707954636 -10.10913466337661 7.422600527109893 -111.3174400007716 -4.483060628535797 7.221819352532483 2.967334684652486
 -2.43336904485919 3.883183888820797 20.66112989739599 -4.863135023940626 -44.80186833696741 -37.5767846995033 -4.203899780350409 -65.41131246147305 30.44892939223462 -20.05457939295751 42.51679863724336 -321.316499223792 -2.501660521380387 -3.812777547668473 -5.936624447575075 12.72926664784132 10.80604117051654 20.47980854107334 -36.65313599294587 -0.04772718350520799 19.81136705910485 17.75167472172648 30.89062164070034 -71.65143260417267 48.05737481873216 -46.62329532192128 -2.456925731099349 49.3630161195202 27.96134132845278 -35.0123026180398 8.948353254072481 -81.03870484811874 11.5109489551261 16.55681333782857 25.53620828936538 -26.30005660221775 35.02069381484259 11.20761737910399 39.33340913237642 -1.506327110477103
 -5.047304316248494 55.88262196181905 -303.8931904244682 0.05794563466895734 7.951217416090857 -17.23933099339895 -127.0969113901981 74.16609795822148 31.97205257477313 -148.1409882585177 61.72416919258761 22.6552695872191 -10.67425341048701 60.30104649840558 62.30668892733842 73.40900669619398 -110.7951986866473 -146.6899394008273 -129.7872203162939 0.01240731881225524 -11.61207945538863 41.55350240144099 -178.7389579850852 37.95869041183745 18.67150491783097 170.0516971818766 -263.1570666729834 -17.19248822119442 40.87418396558414 -303.6157688565178 110.2408000147404 105.7244469029535 -13.40531981832809 82.42242603335363 72.5598836365313 10.83800785242264 -66.75402015293608 89.54138603195268 -264.6986080834298 13.16093366714137
 -0.4747879952559715 0.6269402189826115 83.58480375223036 -0.1588992077058345 -5.68902699878304 -8.654909734516115 2.231080629095736 -1.276478952439574 9.958294411356659 -0.09633443641110595 52.44095167422665 2605.616642418483 -1.766521569485477 -0.4912038172745666 1.169656356588243 7.026652341060552 -0.9665735994958292 -14.82955002929697 -12.2454885220804 -0.005320216410283778 -1.128931722979872 3.153524491608778 -3.712966477965016 -2.064725397219194 -8.141780878225028 27.71146636955959 -0.02695421896041559 -0.2207978820710159 18.21600273330641 -268.9761270844072 3.143580755492341 13.83929507514191 12.25750892477226 1.423478381419639 4.499480628412051 -4.18002640750276 31.50416831589515 3.794507245356696 -19.76139913376373 0.1642209992507045
 17.35622067246397 -30.17149390469795 458.0507601647296 20.02630373070733 -101.2727742655012 -7.8615254268962 -11.78424598239355 -79.94951139831981 25.39795836688482 148.6830227332411 27.14745939595004 246.2168322820458 42.37506605056241 6.328408714879304 -49.47081131796507 -87.56494246558596 -4.246657144756568 -49.93043947559978 90.31241657673262 -0.05125597777499018 -4.307197956963308 -40.06405958131211 213.4077582035778 26.27734096232118 -34.10841723102769 -75.90992188239878 330.3087937898682 44.04000313787504 -23.06401995666819 111.6340635043966 -2.663199253582162 19.63400322398503 69.25334108935077 -34.10383995369296 -94.45457365053174 58.44554219398191 -34.85236654423322 -175.9523071965736 186.7850627899864 14.41744799324074


