# Created by Octave 3.8.1, Wed Sep 17 14:47:04 2014 BRT <roberto@rosenblatt.lis>
# name: nn
# type: scalar struct
# ndims: 2
 1 1
# length: 10
# name: ni
# type: scalar
9


# name: nh
# type: scalar
41


# name: no
# type: scalar
1


# name: number_hiddens
# type: scalar
2


# name: wi
# type: matrix
# rows: 9
# columns: 40
 -0.07978213494663387 0.1633796730535398 0.07564677139640484 -0.1187242013796111 -0.2470440311994452 0.02791089769845494 0.00692357733993091 0.07287089766155107 0.05129283333590492 0.1716796044216733 -0.1397958539691707 0.003056578680309633 -0.05664227770352117 0.0001924920550415901 0.2701190732582138 -0.0172838962721572 0.07258135840230748 0.08720505299063423 -0.141833936658418 0.06631620272528668 -0.1269595487304447 0.06738398232620649 -0.2148388712781814 -0.000650914044187468 0.1748092481304463 0.2659825653747611 -0.3195422999699126 -0.07257776797969373 0.06471814808844126 0.02277961260805692 0.1266932744549406 -0.2426414811992574 0.1108518764315324 -0.1480079802824558 0.1428219865652247 0.0001353741377574842 -0.03125835559856021 -0.2042225118346744 -0.08536339158709251 -0.2944131658490654
 -0.1574917596286664 1.877112199495463 -0.907734052080328 0.5140659857145691 -1.923624318727145 0.8642414825935218 0.2540565900759981 -0.4454204654973869 -0.8890828850881197 -0.09118992542264134 0.4658365074402117 -0.04226228677915675 1.560125013389811 -1.019591492478794 0.9126880128077164 2.196249829070368 -0.5910459004340751 1.417250778888806 -0.3593131333397325 0.584002340098683 4.150083546128584 -0.3002422821065056 -1.378887202336323 -0.6320137423810105 -0.6133279816267793 0.5295736468190005 1.48877019473863 0.864492072602339 -1.107419563145184 0.6368878284173422 -0.5572785321633117 1.576651372049507 0.7965753060015486 0.6757195060364444 -1.801484632002907 0.4808148326109598 -0.1996987172941055 -1.012544095109804 -0.4999645678822489 -0.5908355810496273
 -0.09846658558890249 0.1146581164216398 0.1327645207610075 -0.3238124535146391 -0.09281620446809544 0.1349431461930334 0.3464342977758031 0.1091500576939794 -0.05191595852008924 0.1854041638962511 -0.0782651932624175 -0.03710705372655933 0.2992318832045457 0.4997090805313064 0.6321334262209116 -0.03846059204799721 0.3556268952877685 0.6018937128815967 -0.1833251107970925 0.01993968178701687 0.1074254809033301 0.2758583760469542 -0.1797864748799674 0.1092013212504552 -0.1350566939235731 0.2888589626006038 -0.8098214128086724 -0.1039696620016041 -0.08877480893039545 -0.3497852902359659 -0.3355432701233159 -0.2250580735615467 0.07133089203007234 -0.2163858249872534 -0.3133212705381445 0.3003498955861786 0.1366628767644169 -0.01653726967515093 0.1634309292337919 -0.3999911237049049
 27.76383603731837 -15.36713640943212 16.42919613735123 -24.54946494184423 -18.84187426163071 -8.767166971801583 14.44107535267669 -8.525609282026823 -13.36861814612283 -6.792723464288768 -18.76732651805585 10.72607865116606 27.54728448287415 23.94689149735931 -10.0545711255188 7.186275343237248 1.591958938795588 29.3029065107777 6.650562824723541 -10.4093469475873 -42.28045356189446 -17.20111816899449 29.20026008538587 21.71013364431257 -7.408301033934307 -2.646362337278104 -47.05217811049333 0.9965361386363569 6.491594592582662 0.6065748143855608 -6.334470203860771 7.136193504170398 -17.87674096027169 -15.02791058278585 -31.52802488225026 14.09751472785086 -22.07475427344166 0.4556811203658609 -10.45550040276545 -22.2069044548549
 -22.45512884712887 1.333135803908624 -3.364854500045884 8.930780555425914 1.4630291950813 1.196180374896262 -2.949185786440731 2.440748449433491 -3.650161406883815 -0.8227377318033873 -2.373900324706432 1.110345320772391 3.080169812002298 3.279557300825667 -0.8653439357087871 1.981268699092599 -5.693823867841215 -2.505839344715629 -4.649367736355768 2.987269763070767 15.7618193376303 18.59254488292619 0.9307510955538542 -13.23620845442944 -1.836119531442401 -0.886609852978369 8.091996592465312 -4.849559361629917 0.06787337320942029 -0.2194903807015746 0.03373566983670996 -0.6135772072186152 6.354785651594879 5.806900742421615 2.347551094079049 4.917837536699613 0.6589255119407917 -4.903969198652374 5.45255036769991 -1.159890855709207
 38.37059780856268 -6.778390743667781 -21.65791474924272 -16.25586184728618 4.356482026503708 -0.5268582309369224 16.72067934108903 -17.61415245487013 16.2788845360601 11.12818893095863 8.79888525905211 3.892108662775813 -8.67531135025447 -12.83774162545301 -8.61943409134858 -11.74396261297191 3.571576908475519 -7.619252293340887 -0.4122573677264505 -11.15849572101776 -38.71813553743949 -76.449484227265 -2.827770422536872 4.080401640713465 3.721050613375779 -3.951027925890376 -15.12488631434378 -3.643569709255142 2.289431591183446 3.223022092836852 -7.055279560795714 3.157932230866626 -2.245023425857485 -6.069938769455966 -3.52890083130641 -8.189643016224188 -23.06022254216082 0.8087189767301654 1.202647456803014 8.312970109738893
 16.74558887286167 -19.31242748851743 13.31738123847951 -2.094774440602496 -9.097168098948814 -13.34224641810699 12.13508880491287 -13.11649064892566 11.04950850819279 4.594077452675005 21.86993835130541 -17.24608170072583 -2.056996383764501 -0.8282817553977624 12.60448341578807 -5.1022190075675 41.69959010679266 3.081292385604284 34.51608990028691 -8.382543919869368 -86.57794468416088 -48.78186246394299 -31.97876684908666 18.36974127525394 2.650724809635401 30.5528511056079 -48.48490007187421 9.955485532614331 1.994561967657272 -9.600920044078025 -0.02834794033291991 -3.976166618692614 -16.46374456866734 -42.10697024519634 -4.318737386082907 -29.86996064686923 13.02544306421647 34.03772077040741 -22.28939783564002 15.88997543486666
 0.6003852500961715 -2.797842740641221 2.172936572459916 -4.144341570115067 -2.750746767283945 -1.233372308564968 0.7019047420354184 -2.019501559771864 1.01302634273619 3.729863965090277 -3.380206330979591 -3.921593277091532 2.402978498631295 2.900769637987021 3.858287751323609 -1.478616584303902 3.688928578068558 3.091494036611104 1.402070624528928 -4.709422413480528 -12.73587221597222 -1.247093728719121 4.153737774043291 6.384503995455231 0.168888512412052 0.9956257746727015 -12.63378966906725 0.3733337707972769 1.142755749294855 -0.3669938892342308 -0.3338445688360226 0.05252523040672769 -3.049157976090842 -6.830635876686456 -6.085236870812904 0.01422526342092416 0.2778364231045165 3.122753026621473 -3.171101128754697 -2.978234915730178
 -39.85630914188784 2.627090713170028 -11.10806001000936 55.78574415794656 18.75108589676201 7.270334676345749 7.250003765413548 8.522248013748543 -35.3248331722836 -18.56601458684129 7.815864592113819 45.0178848925724 29.85885168794416 26.60309184633688 -39.73835359005824 32.62176415524787 -53.68594629201405 -25.37033766697987 -33.90966949743146 60.36082624675218 155.3642845879044 -3.024034520588293 -32.1892125466974 -58.13272147353418 -29.86684997839613 -10.56580683212368 66.48524261398752 -8.495786328058061 -9.727714788299823 -15.80555958987498 -7.630618543683861 13.84639275997298 6.801976987027161 48.69323526556872 34.28164680175794 29.52719988917091 -13.15457825696473 -47.45739730908408 48.65293652476311 33.2515346945199


